,GEOID,med_incE,STATE
0,1,59609,AL
1,2,86370,AK
2,4,72581,AZ
3,5,56335,AR
4,6,91905,CA
5,8,87598,CO
6,9,90213,CT
7,10,79325,DE
8,11,101722,
9,12,67917,FL
10,13,71355,GA
11,15,94814,HI
12,16,70214,ID
13,17,78433,IL
14,18,67173,IN
15,19,70571,IA
16,20,69747,KS
17,21,60183,KY
18,22,57852,LA
19,23,68251,ME
20,24,98461,MD
21,25,96505,MA
22,26,68505,MI
23,27,84313,MN
24,28,52985,MS
25,29,65920,MO
26,30,66341,MT
27,31,71722,NE
28,32,71646,NV
29,33,90845,NH
30,34,97126,NJ
31,35,58722,NM
32,36,81386,NY
33,37,66186,NC
34,38,73959,ND
35,39,66990,OH
36,40,61364,OK
37,41,76632,OR
38,42,73170,PA
39,44,81370,RI
40,45,63623,SC
41,46,69457,SD
42,47,64035,TN
43,48,73035,TX
44,49,86833,UT
45,50,74014,VT
46,51,87249,VA
47,53,90325,WA
48,54,55217,WV
49,55,72458,WI
50,56,72495,WY
51,72,24002,
